100
-7.159 -0.033
-5.678 1.170
-0.711 4.714
9.207 9.608
7.959 8.222
-8.387 -7.295
2.379 7.144
-7.420 1.359
4.883 9.555
1.015 8.280
0.055 4.032
7.399 9.567
-0.291 3.484
-4.871 3.898
-7.658 -1.756
-5.125 8.596
6.448 8.560
-7.387 -7.079
0.694 3.051
-8.966 8.679
-7.973 -4.239
1.204 7.722
7.223 7.239
-9.651 1.622
0.968 6.506
1.217 2.935
-6.122 5.147
-5.467 3.857
-8.163 -3.684
-6.205 -5.564
1.703 2.922
-2.401 1.842
3.188 4.632
5.813 9.450
-6.550 -3.221
-9.276 -2.096
-7.818 -5.496
-7.727 8.595
-4.016 3.949
-2.543 5.402
-4.541 1.187
-2.527 0.472
-5.029 -4.232
0.004 6.334
-2.820 0.967
1.914 4.675
-5.648 -4.830
-9.215 3.951
0.396 3.365
3.039 9.817
-0.151 8.759
-1.094 1.257
-6.798 2.448
-8.402 0.239
-6.643 -6.054
-9.129 1.928
-9.753 -6.515
2.985 9.001
-6.804 2.896
-9.193 -5.974
3.462 9.508
-6.355 5.627
-8.689 4.760
-0.669 0.104
-9.399 9.792
-4.424 1.828
-0.552 2.791
4.369 7.025
3.208 6.705
3.747 6.303
-4.408 -3.498
-1.333 3.872
-6.189 7.157
-4.504 -1.144
-7.852 9.569
6.799 9.322
3.612 5.417
-7.204 8.830
-2.314 5.367
-3.290 7.542
-2.707 4.381
4.718 5.318
-8.240 -2.729
-9.810 6.934
-8.159 3.403
-2.968 3.019
-0.025 9.965
6.296 7.789
-3.971 -3.653
1.932 2.623
1.537 6.063
-4.122 -3.977
3.613 4.776
-6.611 -3.317
-4.257 7.117
-5.947 -2.176
-2.100 7.048
-8.443 -1.953
-8.344 -6.025
-4.613 -0.052